379.60
385.10
389.90
394.70
399.60
405.00
409.90
414.80
419.60
425.10
430.00
434.90
439.70
444.60
450.10
455.00
459.90
464.80
469.70
474.60
480.20
485.10
490.00
495.00
499.90
504.80
509.80
514.70
519.70
524.60
530.20
535.20
540.20
545.10
550.10
555.10
560.10
565.10
570.10
575.10
580.10
585.10
590.10
595.10
600.20
605.20
610.20
615.30
619.70
624.70
629.80
634.80
639.90
644.90
650.00
655.10
660.10
665.20
669.70
674.80
679.80
684.90
690.00
695.10
700.30
704.70
709.80
715.00
720.10
725.20
729.70
734.90
740.00
745.10
750.30
754.80
760.00
765.10
770.30
774.80
780.00
785.20
789.70
794.90
800.10
805.30
809.90
815.10
820.30
824.80
830.10
835.30
839.90
845.10
850.30
854.90
860.10
864.70
870.00
875.20
879.80
885.10
890.40
895.00
900.30
904.90
910.20
914.80
920.10
925.40
930.00
935.30
940.00
945.30
950.00
955.30
959.90
965.30
969.90
975.30
979.90
985.30
990.00
995.30
1000.00
1005.40
1010.10
1014.80
